1 0.447152 0.308199 0.0795053 0.0448113
1 0.563344 0.313749 0.128975 0.0448113
1 0.681719 0.320061 0.0830389 0.0518868
1 0.695905 0.431534 0.0989399 0.0306604
1 0.478071 0.425153 0.141343 0.0400943
1 0.582571 0.421199 0.0759717 0.0377358
1 0.461235 0.561945 0.120141 0.0306604
1 0.665766 0.558407 0.0636042 0.0235849
1 0.743608 0.56472 0.0530035 0.0306604
1 0.445282 0.699015 0.100707 0.0495283
1 0.565423 0.694575 0.128975 0.0683962
1 0.693931 0.70061 0.144876 0.0471698
1 0.757899 0.413499 0.0441696 0.0778302
1 0.513511 0.118618 0.116608 0.0707547
