1 0.479395 0.482709 0.222649 0.158501
1 0.765496 0.737371 0.153551 0.0677233
1 0.406628 0.248729 0.34357 0.168588
1 0.391724 0.0736989 0.128599 0.154179
1 0.944959 0.114299 0.128599 0.116715
1 0.487355 0.594931 0.170825 0.0778098
1 0.3119 0.561154 0.0863724 0.0475504
1 0.830473 0.333828 0.0441459 0.0302594
1 0.686011 0.599424 0.0307102 0.0461095
1 0.708818 0.531361 0.0537428 0.0489914
1 0.750367 0.474021 0.0690979 0.0360231
1 0.80919 0.429946 0.0422265 0.0360231
1 0.919725 0.247288 0.0690979 0.0504323
1 0.575646 0.645703 0.193858 0.0403458
1 0.403353 0.662612 0.12476 0.0504323
1 0.509428 0.723089 0.0614203 0.0662824
1 0.531444 0.868368 0.117083 0.18732
1 0.140736 0.763053 0.209213 0.0648415
